
19.75,19.75,19.25,19.75,19.25,19.75,20.75,20.00,19.00,19.25,19.25,19.50,19.75,20.00,20.50,20.25,19.25,19.75,19.75,19.50,19.75,19.75,20.00,21.00,20.00,20.00,20.00,19.75,19.50,19.75,20.00,20.75,19.75,19.50,20.00,19.75,20.00,19.50,20.00,19.75,19.75,19.25,19.50,20.25,19.75,19.75,19.25,20.50,20.00,20.00,19.75,20.00,19.25,19.50,20.00,20.50,19.75,20.00,19.50,19.50,19.75,19.50,19.75,20.00,


19.50,19.75,19.25,19.75,19.25,20.00,20.25,20.25,18.75,19.00,19.2
5,20.00,19.50,19.75,20.75,20.75,19.75,19.50,19.75,19.50,19.50,19.75,20.00,20.25,19.50,19.25,19.75,19.50,19.50,19.25,20.50,20.25,19.50,19.75,20.00,19.75,19.50,19.50,20.25,20.25,19.25,19.50,19.50,20.00,19.75,19.50,19.75,20.50,20.25,19.75,19.75,20.00,19.50,19.50,19.50,20.00,19.00,19.75,19.75,19.75,19.50,20.00,19.75,20.00,


18.75,19.25,19.00,19.75,19.50,20.00,20.25,20.00,19.25,19.00,19.5
0,19.50,19.50,20.00,20.25,20.50,19.25,19.75,19.25,19.50,19.25,20.00,20.25,20.75,19.75,19.50,20.00,19.75,19.50,19.75,19.25,20.00,19.50,19.50,19.50,19.50,19.50,19.00,20.00,19.25,19.75,19.25,19.50,20.00,19.00,19.50,19.75,20.25,19.75,20.00,20.00,19.50,19.50,19.50,19.25,20.25,19.50,20.00,19.25,19.25,19.25,19.25,19.75,19.75,


20.25,18.75,18.50,19.50,19.50,19.75,19.75,20.00,19.00,18.75,19.2
5,19.75,19.25,19.50,20.00,20.25,19.25,19.75,19.75,20.00,19.50,20.00,19.75,21.00,19.75,19.75,19.75,20.00,19.50,19.50,19.25,20.25,19.50,19.75,19.50,19.50,19.50,19.50,20.25,20.00,20.00,20.00,20.00,20.00,19.75,19.50,19.50,20.25,20.00,20.00,19.75,19.50,19.50,19.50,19.50,20.00,19.00,19.75,19.25,19.25,19.25,19.75,19.25,19.75,


19.50,19.50,19.25,20.00,20.00,19.75,19.75,20.25,19.75,19.25,19.7
5,19.75,19.50,20.00,20.50,20.50,19.50,19.75,19.75,20.00,19.50,20.00,20.25,20.50,19.50,19.50,20.00,19.50,19.50,19.50,20.00,20.25,19.25,19.50,19.25,19.75,19.75,19.50,20.25,20.00,20.25,19.50,19.50,20.00,19.50,20.00,19.75,20.50,20.00,20.00,20.00,19.75,19.50,20.00,20.25,20.00,19.25,19.50,19.75,19.25,19.75,20.00,19.50,20.00,


19.00,19.50,19.25,19.75,19.50,20.50,20.00,20.00,19.00,19.25,19.7
5,20.00,19.25,19.50,20.50,20.00,19.50,19.50,19.75,19.75,19.50,20.25,19.75,21.00,19.25,20.00,19.75,19.75,19.75,19.75,19.75,20.50,19.75,19.75,20.00,19.75,19.50,19.25,20.50,19.50,19.75,19.75,19.75,19.50,19.75,19.75,19.75,20.25,19.75,20.00,19.75,20.25,19.75,19.50,19.75,20.25,20.00,20.00,19.25,19.75,20.00,20.00,20.00,20.00,


19.00,19.50,18.75,19.75,19.25,20.25,19.75,20.00,19.25,19.00,19.7
5,19.75,19.75,19.75,20.25,20.25,19.50,19.75,19.25,19.75,19.50,20.00,19.75,19.75,19.75,20.00,19.50,19.75,19.75,19.50,19.50,20.50,19.50,19.75,20.00,19.50,19.50,19.50,19.75,19.50,19.25,19.25,19.50,20.25,20.00,20.00,19.75,20.75,20.00,19.50,20.50,20.00,19.75,19.75,19.75,19.75,19.50,20.00,19.00,19.75,19.25,19.75,20.00,20.25,


19.50,19.25,19.00,19.50,19.50,19.50,19.50,19.75,18.75,19.00,18.7
5,19.50,19.00,19.75,20.25,20.50,19.00,19.50,19.75,19.75,19.75,20.00,19.75,20.25,20.00,19.50,19.75,19.50,19.50,19.25,20.00,20.25,19.25,19.75,19.75,19.25,19.00,19.75,20.00,19.50,20.00,19.50,19.75,19.75,19.75,19.50,20.00,20.50,19.50,19.50,19.75,19.50,19.50,19.00,20.00,19.75,19.00,19.75,19.50,19.00,19.75,20.00,20.25,20.00,


19.50,19.25,19.00,19.00,19.75,20.25,20.00,21.00,18.75,19.00,19.7
5,19.50,19.50,19.50,20.25,20.50,19.75,19.75,19.75,19.50,19.25,19.75,19.50,20.50,19.75,20.00,20.00,19.75,20.00,20.00,19.75,20.50,19.25,20.00,19.75,19.75,19.75,19.50,20.50,20.00,20.75,19.75,20.00,19.75,19.25,20.00,20.00,20.50,20.25,19.25,20.00,20.00,19.75,19.25,19.75,20.25,19.75,20.25,19.75,19.50,19.75,19.75,19.50,20.25,


19.25,19.25,18.75,19.50,19.50,20.25,20.25,20.50,18.75,19.50,19.7
5,19.50,19.50,19.50,20.25,20.25,19.25,20.00,19.50,19.25,19.25,20.25,19.75,20.25,19.75,19.75,19.75,19.25,19.75,20.00,19.50,20.50,19.25,19.75,19.50,19.50,19.75,19.25,20.25,20.25,20.00,19.50,19.75,20.25,20.00,19.50,20.00,20.75,19.50,20.00,20.00,19.75,20.00,20.25,19.75,21.00,20.25,20.00,20.00,19.50,19.50,20.00,20.00,20.00,


19.00,19.75,19.25,19.50,19.50,20.25,20.25,20.25,19.25,19.00,19.50,19.50,19.50,19.50,20.75,20.75,19.50,19.75,19.75,20.00,19.75,20.00,19.50,20.75,19.75,19.50,20.00,19.75,20.00,19.50,20.00,20.75,
19.50,19.75,19.50,19.50,19.50,19.50,19.75,20.00,19.75,19.75,19.50,20.00,19.75,19.75,20.00,20.25,20.25,20.00,19.75,19.75,19.00,19.50,19.75,19.25,19.50,20.00,19.25,19.50,19.25,19.25,19.50,20.25,


19.00,19.50,19.00,19.50,19.50,19.75,19.75,20.00,19.00,19.00,19.5
0,19.50,19.50,19.50,20.00,20.50,19.00,19.75,19.75,20.00,19.75,19.75,19.50,20.50,19.75,19.25,19.75,19.75,19.50,19.50,19.75,20.75,18.75,20.25,19.75,19.25,19.75,19.25,20.00,20.25,20.25,19.00,19.50,20.00,19.75,19.50,19.50,20.50,19.75,20.00,19.50,19.50,19.25,19.25,19.50,20.00,19.75,20.00,19.50,18.75,19.25,19.75,19.50,20.25,


18.50,19.50,18.50,19.50,19.25,19.50,19.50,19.50,18.50,19.25,19.00,19.50,19.00,19.50,20.00,20.50,19.00,19.00,19.50,19.50,19.25,19
.75,19.50,20.25,19.50,19.50,19.75,19.50,19.50,19.25,19.75,19.75,19.25,19.75,19.25,19.25,19.25,19.25,19.25,20.75,19.75,19.50,19.50,19.75,19.50,20.00,19.75,20.00,20.25,19.50,19.75,19.75,19.75,19.50,19.75,20.25,20.00,19.75,19.00,19.25,19.25,19.75,19.75,20.00,



19.50,19.75,19.00,19.25,19.00,20.00,20.00,20.00,19.00,18.75,19.25,19.75,19.50,19.50,20.25,20.25,19.75,19.25,19.50,19.50,19.50,20.25,20.00,20.50,19.75,20.00,20.00,19.50,19.75,19.25,19.75,20.50,19.50,19.50,19.50,19.25,19.25,19.25,20.25,19.75,19.75,19.50,19.50,20.25,19.75,19.25,20.00,20.00,19.75,19.75,20.25,19.75,19.50,19.50,20.00,20.25,20.00,20.00,19.75,19.00,19.50,19.50,20.00,20.25,


19.00,19.50,19.25,20.00,19.50,20.00,19.75,20.00,19.25,19.25,19.2
5,20.25,19.50,19.75,20.75,20.50,19.25,19.50,19.50,19.75,19.50,20.25,20.00,20.25,19.00,19.25,20.00,19.25,19.50,19.25,19.75,20.50,19.25,20.00,19.50,19.75,19.50,19.25,19.75,19.50,20.00,19.50,19.50,20.00,19.75,19.75,19.50,19.75,20.00,20.00,19.75,20.00,19.25,19.25,19.25,20.25,19.00,19.75,19.25,19.50,19.50,19.75,20.00,20.50,


19.50,19.50,19.50,19.50,19.75,19.50,19.75,19.50,19.25,18.75,19.2
5,19.75,19.50,19.75,20.50,20.00,19.25,19.50,19.75,19.50,19.50,19.75,19.75,20.75,19.50,19.25,19.75,19.50,19.50,19.25,19.75,20.00,19.25,19.75,19.50,19.25,19.00,19.25,20.00,20.00,20.00,19.00,19.00,20.00,19.75,19.50,19.75,20.25,20.00,19.50,19.75,19.25,19.50,19.50,19.75,20.50,19.50,20.00,19.50,19.25,20.00,20.00,20.25,19.75,


19.25,19.25,18.75,19.50,19.50,20.00,19.50,20.00,18.75,18.75,19.0
0,19.75,19.25,19.50,20.25,19.75,19.25,19.75,19.75,19.75,19.50,20.00,19.75,20.25,19.25,19.50,20.00,19.75,19.00,19.25,20.00,20.25,19.25,19.50,19.50,19.50,19.50,19.25,19.50,19.75,20.00,19.50,19.50,19.75,19.00,19.50,20.00,20.00,19.75,19.50,19.75,19.75,19.25,19.50,20.00,20.25,19.00,19.75,19.00,19.25,19.25,19.75,19.50,20.25,


19.25,19.75,18.75,19.75,19.25,20.00,19.75,20.75,18.50,18.75,19.0
0,19.50,19.50,19.75,20.00,20.50,19.25,19.50,19.25,20.00,19.50,19.75,19.75,20.25,19.50,19.75,19.75,19.75,19.50,19.50,19.50,20.25,19.25,19.75,20.00,19.25,19.50,19.50,20.25,19.00,20.25,19.75,19.75,19.75,19.50,19.50,20.00,20.50,20.25,19.25,20.00,20.00,19.25,19.50,19.75,20.00,19.25,20.00,19.00,19.75,19.50,20.00,20.00,20.00,



19.75,19.50,18.75,19.50,19.25,19.50,20.50,20.00,18.75,19.50,19.25,19.50,19.50,19.75,20.25,21.00,19.50,19.75,19.50,19.50,19.25,19.75,20.00,20.50,19.75,19.75,19.25,19.75,19.75,19.50,19.75,20.75,19.25,19.75,19.75,19.50,20.00,19.50,20.25,19.75,19.75,19.50,19.50,20.00,19.75,19.50,19.75,20.25,20.25,20.00,20.00,19.75,19.50,19.25,19.25,20.50,20.25,20.25,19.50,19.50,19.50,19.25,19.75,19.50,


19.50,19.25,18.75,19.75,19.75,20.25,20.00,20.75,19.75,19.50,19.7
5,19.75,19.25,19.75,20.75,20.75,19.50,19.50,19.75,19.75,19.25,19.75,20.00,20.50,19.50,20.00,20.00,20.00,19.75,19.75,20.00,20.50,19.50,20.00,20.00,19.75,19.75,19.50,20.25,20.25,20.25,19.50,19.75,20.25,19.75,19.50,20.00,20.50,20.00,20.00,19.75,19.75,20.00,20.00,19.75,20.25,19.25,19.50,19.75,19.25,19.75,19.75,20.00,20.00,



19.25,20.00,18.75,19.50,19.50,20.00,20.25,21.00,19.00,19.25,19.75,20.00,19.50,19.50,20.75,20.75,19.25,19.75,19.50,19.50,19.75,20.00,19.75,20.50,19.50,19.75,20.25,20.25,19.75,19.75,19.75,20.50,19.25,20.25,19.75,19.75,20.00,19.25,20.00,20.00,20.25,19.75,20.00,20.00,20.25,19.75,20.00,20.50,20.25,20.00,20.25,20.25,19.75,19.50,19.75,20.25,19.50,20.50,19.75,19.75,19.75,19.50,20.00,20.50,



19.75,19.25,19.00,20.00,19.75,20.50,19.50,20.00,19.25,19.25,19.25,19.75,19.50,19.75,20.25,20.50,19.25,19.50,19.25,20.00,19.50,20.25,19.75,19.75,19.50,19.50,19.75,19.25,19.75,20.00,19.75,20.00,19.50,19.50,19.50,19.25,19.25,19.50,20.25,19.75,20.25,19.75,19.25,20.25,19.75,20.00,20.25,20.00,19.50,20.00,20.25,19.50,19.25,20.00,20.25,20.25,19.50,19.75,19.25,19.50,20.00,20.00,20.50,20.50,


19.75,20.25,18.75,19.75,19.75,20.75,20.00,20.50,19.00,19.25,19.5
0,20.00,19.25,19.75,20.50,20.00,20.00,19.50,19.75,19.75,20.00,20.00,19.75,21.00,20.00,19.50,20.00,19.75,19.50,19.25,19.75,20.75,19.50,20.00,20.00,19.50,19.75,19.75,20.25,20.75,19.75,19.75,19.75,20.00,20.00,20.00,20.00,20.25,20.25,19.75,20.25,20.25,19.50,20.00,19.50,21.00,19.75,20.00,19.50,19.75,19.75,20.25,20.25,20.50,


19.75,19.50,19.00,20.00,19.75,20.25,19.75,20.75,19.00,19.25,19.2
5,19.75,19.50,19.75,20.25,20.50,19.50,19.50,19.75,19.75,19.50,20.25,20.00,20.50,20.00,20.50,20.00,20.25,19.75,20.00,20.25,20.75,19.50,19.50,19.75,19.75,19.75,19.25,20.25,20.00,19.50,19.25,19.50,19.75,19.50,19.75,19.75,20.25,20.00,20.25,20.00,20.00,20.00,19.25,19.75,20.75,19.50,20.25,19.50,19.75,19.25,20.00,20.00,20.75,


19.00,19.75,19.25,19.75,19.25,20.00,20.00,21.25,18.75,19.00,19.5
0,20.00,19.25,19.50,20.75,20.50,19.25,19.50,19.50,20.00,19.50,20.00,20.00,20.25,19.75,19.75,19.75,20.25,19.25,20.00,19.75,20.75,19.50,20.25,20.00,20.00,19.75,19.75,20.50,20.25,20.25,19.75,19.50,20.00,19.50,19.75,20.50,20.25,20.25,20.00,20.00,19.75,20.00,19.50,19.75,21.00,19.75,20.00,19.50,20.00,20.25,20.25,20.25,19.75,


19.75,19.50,19.00,19.75,19.75,20.25,20.25,20.50,19.50,19.25,19.75,20.00,19.50,19.75,20.75,21.25,19.25,19.75,19.75,20.00,19.75,20
.00,19.75,20.25,19.50,20.00,20.25,20.00,19.75,19.75,19.75,20.75,19.50,20.00,19.75,19.50,19.50,19.25,20.00,20.00,19.75,19.75,19.50,20.00,19.75,20.00,19.75,20.25,20.00,19.75,20.00,19.25,19.25,19.75,20.00,20.00,19.00,19.75,19.50,19.50,19.50,19.50,19.75,20.25,


19.25,20.00,19.25,19.75,19.00,19.75,19.75,20.25,18.75,19.00,19.7
5,19.75,19.25,20.00,20.75,20.75,19.25,20.00,20.00,19.75,19.50,19.75,20.25,20.75,20.25,20.25,19.75,19.75,20.00,20.00,20.00,20.75,19.75,19.75,20.00,19.75,19.25,19.75,20.25,20.00,20.50,19.75,19.50,20.00,20.00,20.00,19.75,20.00,20.25,20.25,20.25,20.00,20.00,20.00,19.75,20.50,19.50,21.00,19.75,19.75,19.75,19.75,19.75,20.25,


19.00,19.50,19.00,20.00,19.75,20.50,19.75,20.50,18.75,19.25,19.25,20.00,19.50,20.00,20.75,20.50,20.00,19.75,20.25,19.75,19.50,20
.00,20.25,20.00,20.25,19.75,19.75,20.25,20.00,19.25,20.00,20.75,19.75,20.00,20.25,19.75,19.50,19.75,19.75,19.50,20.00,19.75,20.00,19.75,20.25,19.75,20.25,20.25,20.25,19.75,20.00,20.25,19.25,20.00,19.75,20.75,19.75,19.75,19.25,19.50,19.50,20.00,19.75,20.50,


19.25,19.50,19.00,19.75,19.50,20.00,20.25,20.75,19.25,19.50,19.5
0,20.00,19.50,20.00,21.00,21.00,19.75,19.50,20.00,20.25,19.75,20.00,20.25,20.25,20.00,19.75,20.25,19.50,20.00,19.50,20.00,20.75,19.25,20.50,19.75,19.75,19.50,20.00,20.50,20.25,19.75,20.25,19.75,20.25,19.25,19.75,20.25,20.00,19.75,19.75,20.25,19.50,20.00,19.50,20.25,20.25,19.75,20.25,19.25,19.25,19.75,19.75,20.25,20.00,


19.25,19.50,18.75,19.75,19.50,20.00,20.25,20.75,19.50,19.50,19.25,19.75,20.00,19.50,20.25,21.00,19.50,19.75,20.00,20.00,20.00,20
.50,20.00,21.00,20.00,20.25,20.00,20.00,19.50,20.25,20.25,21.00,19.75,20.00,20.00,19.75,19.75,19.50,19.75,20.00,20.50,19.50,19.75,19.75,19.50,20.00,20.00,20.50,20.25,19.50,20.25,20.00,19.50,19.75,19.75,20.00,20.00,20.25,19.75,19.25,20.00,20.00,20.25,20.50,


18.75,19.25,18.50,19.50,19.25,20.00,19.75,20.50,19.25,19.00,19.2
5,19.75,19.25,19.75,21.00,20.50,19.25,19.75,19.75,19.50,19.25,19.25,20.00,21.00,19.75,20.00,19.75,19.75,19.50,19.75,19.75,20.50,19.75,19.75,20.00,19.50,19.75,20.00,20.25,19.75,20.00,19.25,19.50,20.00,19.50,19.50,19.75,19.75,19.50,19.75,19.75,19.75,19.75,19.50,19.75,20.25,19.00,19.75,18.75,19.25,19.75,19.75,20.00,20.00,


19.25,19.50,19.25,20.00,20.00,20.75,20.25,20.50,19.25,19.00,19.7
5,20.00,19.25,20.00,20.25,20.50,19.25,19.50,19.75,19.75,19.75,20.00,20.00,21.00,19.75,20.00,20.00,20.00,20.00,19.50,20.25,20.75,19.25,20.00,20.25,20.00,19.75,20.00,20.75,20.25,20.25,20.00,20.00,20.25,20.00,19.75,19.75,20.50,20.00,19.75,20.00,19.75,20.00,20.00,20.00,20.50,19.50,19.75,19.50,19.50,20.00,19.75,19.75,20.75,


19.75,19.50,19.00,19.75,19.50,20.50,19.75,20.00,19.25,19.00,19.5
0,19.50,19.50,19.75,20.75,19.75,19.50,19.75,20.00,19.75,19.50,20.00,20.25,20.25,20.00,19.50,19.75,20.25,19.50,19.75,20.00,20.75,19.50,19.75,19.50,20.00,19.50,20.00,20.25,20.25,20.25,19.50,20.00,20.50,20.00,20.00,19.75,20.50,20.25,19.75,20.25,20.00,19.75,20.00,19.75,20.50,19.50,20.00,19.25,19.75,19.50,19.75,19.75,20.75,


19.25,19.50,19.00,19.75,19.50,20.00,20.00,20.50,19.25,19.50,19.2
5,19.50,19.25,19.75,20.50,20.25,19.75,20.00,19.75,19.75,19.75,20.00,19.75,20.75,19.75,20.25,20.25,19.50,20.00,19.75,20.00,20.75,19.75,20.00,20.00,19.50,19.75,19.50,20.25,20.00,20.00,19.50,19.75,20.25,19.50,19.75,20.00,20.75,20.25,20.00,20.00,20.50,19.75,19.50,19.75,20.25,19.25,19.75,19.00,19.50,19.50,20.00,20.25,20.75,


19.50,19.75,19.00,19.75,19.25,20.25,20.25,20.50,19.25,19.25,19.2
5,19.75,19.00,20.00,20.75,20.50,19.25,19.50,19.75,20.25,19.50,20.00,20.00,20.75,20.25,20.00,20.25,20.00,20.00,20.00,20.25,20.75,20.00,20.00,19.75,19.50,19.50,19.50,19.75,20.25,20.25,19.75,19.50,19.75,19.50,19.75,19.75,20.25,19.25,19.75,19.75,20.00,19.00,19.50,19.75,21.00,19.25,19.75,19.50,19.25,19.75,19.25,20.00,20.50,


19.00,19.25,18.75,19.50,19.25,20.00,20.00,20.50,19.00,19.50,19.0
0,19.75,19.50,19.75,20.75,20.50,19.50,19.50,19.75,19.50,19.25,20.25,20.25,20.50,19.25,20.00,19.75,19.75,20.00,19.75,20.00,20.25,19.75,19.50,19.50,19.50,20.25,19.50,20.00,19.75,20.00,19.75,19.50,20.25,19.75,20.00,20.00,20.50,20.25,19.75,20.00,20.00,19.25,20.00,19.25,20.25,19.75,20.25,19.75,19.75,20.25,19.25,20.00,20.00,


19.50,19.50,18.75,19.75,19.75,19.75,20.25,20.25,19.00,19.50,19.5
0,19.50,20.00,19.75,20.00,20.25,19.25,19.75,19.75,20.00,19.50,19.75,19.50,20.75,20.25,20.00,20.00,19.75,19.50,19.75,20.00,20.50,20.00,19.50,20.25,19.50,19.50,19.50,20.25,20.50,20.25,19.50,20.00,20.00,19.75,19.50,20.25,20.25,20.25,20.00,20.25,20.25,20.00,19.50,19.75,20.75,19.50,20.00,19.00,19.75,19.75,19.75,20.00,20.00,


19.50,19.25,19.50,19.75,19.50,20.25,20.25,20.50,19.25,19.25,19.5
0,20.00,19.25,19.75,20.50,20.25,19.25,20.00,19.75,20.25,19.50,20.25,19.50,20.75,19.50,19.75,19.75,20.00,19.50,20.00,20.00,20.75,19.50,20.00,19.75,19.50,19.50,19.50,20.25,20.25,20.00,19.50,20.00,20.00,20.00,20.00,20.25,20.50,20.25,20.25,20.25,20.25,19.75,19.75,20.50,20.75,19.25,20.25,19.75,19.50,19.75,19.75,20.00,20.25,


19.25,20.00,19.50,20.00,19.50,20.25,19.75,21.00,18.50,19.25,19.75,20.00,19.75,19.75,20.25,20.50,19.50,19.25,19.75,19.75,19.25,19
.75,19.75,20.50,19.50,19.75,19.50,19.75,19.75,19.75,19.75,20.25,19.75,19.75,19.50,19.50,19.25,19.50,20.25,20.50,19.75,19.50,19.50,20.25,19.25,19.75,19.25,20.75,20.25,19.50,20.25,20.50,20.00,20.00,19.75,20.25,19.75,19.75,19.00,19.50,19.50,20.25,19.50,20.25,


19.25,19.00,18.50,19.25,19.75,19.75,19.75,20.75,19.00,19.00,19.5
0,19.75,19.25,20.25,20.25,21.00,19.25,19.25,19.75,19.75,19.25,19.75,20.00,20.25,20.00,19.50,20.00,19.25,19.75,19.50,20.00,20.00,19.50,19.50,19.50,19.75,19.50,19.25,20.25,19.75,19.75,19.25,19.00,20.00,19.25,19.75,19.75,20.75,20.00,19.75,20.25,19.25,19.25,19.25,19.75,20.25,19.25,20.00,19.00,19.25,19.50,18.75,19.75,19.50,


19.00,19.50,18.75,19.75,19.75,20.25,20.00,20.00,19.25,19.75,19.0
0,20.25,19.75,19.75,20.75,21.00,19.25,20.00,19.50,19.75,19.75,20.00,20.00,20.50,19.75,20.00,20.00,19.75,20.25,20.00,20.00,21.00,19.75,20.00,19.75,20.00,19.75,19.50,19.75,20.50,20.00,19.50,19.50,20.50,19.75,19.75,20.00,20.25,20.50,19.75,20.25,20.00,19.75,20.25,20.00,20.75,19.25,20.00,19.50,19.25,20.00,20.00,20.00,20.50,


19.00,20.00,18.75,19.75,19.75,20.00,20.25,21.00,18.75,19.25,19.25,20.00,19.25,19.50,20.25,20.50,19.25,20.25,19.50,19.75,19.75,20
.00,19.50,20.50,19.75,19.50,20.00,20.00,19.50,20.00,20.50,20.50,19.75,19.50,19.75,20.00,19.50,19.25,20.50,20.00,19.75,19.50,19.75,20.25,19.50,19.25,20.00,20.50,20.75,19.75,19.75,19.75,19.75,19.75,19.75,20.00,19.50,19.75,20.00,18.75,20.25,20.25,20.00,20.00,


19.00,19.50,19.25,19.50,19.25,20.00,20.25,20.75,18.75,19.25,19.2
5,20.00,19.50,20.00,20.25,20.75,19.75,19.25,19.50,19.75,19.25,19.75,20.00,20.75,19.50,19.50,19.75,19.75,19.50,20.00,20.00,20.75,19.00,19.75,19.75,19.75,19.50,19.50,20.00,20.50,20.50,20.00,19.25,20.25,19.75,19.25,20.00,20.50,20.00,19.75,20.00,20.00,19.75,20.00,19.75,20.00,19.75,20.00,19.50,19.50,19.25,19.75,19.50,20.75,


19.00,19.25,19.25,19.75,19.50,20.00,20.00,20.75,19.00,18.75,19.2
5,19.75,19.25,19.75,20.00,20.75,19.25,20.25,19.50,19.75,19.50,20.00,20.00,20.25,20.00,19.25,20.00,20.00,19.50,19.75,20.00,20.50,19.50,19.50,19.75,19.75,19.50,19.50,20.00,20.50,20.75,19.25,19.50,20.00,19.75,19.50,19.25,20.25,20.25,20.00,19.75,20.00,19.50,20.00,19.25,20.00,19.00,20.50,19.25,19.00,18.25,19.50,20.00,20.00,


19.50,19.50,18.25,19.25,19.25,20.00,19.75,19.50,18.50,19.00,19.2
5,19.25,19.00,19.25,20.00,20.00,19.00,19.75,19.25,19.50,19.50,19.75,19.50,20.50,19.25,19.50,19.50,19.75,19.25,19.25,19.50,20.00,18.75,19.50,19.25,19.25,19.00,19.25,20.00,20.00,19.50,19.25,19.50,19.75,19.25,19.75,19.25,19.75,19.50,19.50,19.75,19.50,19.50,19.25,20.00,20.00,19.75,20.00,19.75,19.75,19.50,20.25,19.75,20.00,


19.25,19.50,19.00,19.75,19.25,20.25,20.25,20.75,19.00,19.00,19.5
0,19.50,19.25,19.50,20.25,20.00,19.00,19.75,19.75,19.50,19.25,20.00,19.75,20.00,19.75,19.50,19.75,20.00,19.50,19.25,19.75,20.25,19.25,19.50,19.25,19.50,19.50,19.25,20.25,19.50,20.00,19.75,19.50,20.00,19.25,20.00,19.50,20.25,20.00,19.75,20.00,19.50,19.50,19.25,20.00,20.75,19.50,20.00,19.50,19.25,19.50,20.25,19.25,19.75,


19.25,19.75,18.50,19.25,19.50,20.25,20.00,20.00,19.00,19.00,19.2
5,19.50,19.25,20.00,20.25,20.00,19.50,19.50,19.75,19.50,19.50,20.00,19.75,20.50,20.00,19.75,19.75,19.50,19.75,19.25,20.00,20.75,19.75,19.50,19.50,19.75,19.25,19.50,20.00,20.00,19.75,19.25,19.50,20.00,19.25,19.50,19.75,20.00,19.75,19.25,19.75,19.75,19.50,19.50,20.25,20.00,19.50,19.75,19.50,19.75,19.75,19.75,19.75,19.50,


19.25,19.25,18.75,19.50,19.75,20.50,19.50,20.00,19.00,19.00,19.5
0,19.75,19.00,19.75,19.75,20.50,19.50,19.50,19.75,19.75,19.50,19.50,19.00,20.50,19.25,19.75,19.50,19.50,19.50,19.25,19.25,20.25,19.75,19.75,19.50,19.50,19.50,19.25,20.00,19.50,19.75,19.25,19.25,20.00,20.00,19.25,19.75,20.25,19.50,19.75,19.75,19.50,19.75,19.25,19.25,19.75,19.50,20.00,19.00,19.25,20.00,19.50,19.75,20.00,


19.00,19.75,18.75,19.50,19.50,20.25,19.75,20.00,19.00,19.00,19.5
0,19.75,19.25,19.50,20.75,20.25,19.25,19.25,19.50,19.25,19.25,19.75,19.00,20.00,19.25,19.50,19.50,19.75,19.25,19.50,19.25,19.75,19.50,19.50,19.50,19.00,19.50,19.00,20.00,19.50,19.75,19.50,19.25,19.75,19.25,19.50,19.75,20.00,19.00,19.50,19.75,19.75,19.25,19.25,19.75,19.50,19.00,19.50,19.00,19.25,19.50,19.50,19.75,19.50,


19.25,19.00,18.75,18.75,19.25,19.75,19.75,20.50,19.25,19.00,19.50,19.50,19.50,19.75,20.00,20.25,19.25,19.25,19.75,19.50,19.50,19
.75,19.75,20.25,19.75,19.75,19.75,19.50,19.75,19.50,20.00,20.75,20.00,19.75,19.75,19.25,19.25,19.50,20.50,20.25,20.00,19.50,19.50,20.00,19.50,19.75,19.75,20.50,20.00,20.00,20.25,19.75,19.75,19.75,19.75,20.00,19.25,20.25,19.25,19.25,19.75,20.00,19.50,20.25,


19.00,19.50,18.75,19.50,18.75,19.75,20.00,20.25,18.75,19.00,19.2
5,19.50,19.25,19.50,20.25,20.50,19.00,19.50,19.50,19.75,19.75,20.25,19.75,20.00,20.00,19.25,20.00,19.50,19.25,19.25,19.50,20.50,19.00,19.75,19.25,19.25,19.00,19.50,20.25,20.25,20.00,19.75,19.75,19.75,19.25,19.50,19.75,20.25,19.75,19.50,20.00,19.75,19.75,19.50,19.75,20.00,19.50,19.50,19.00,19.25,19.25,19.75,19.25,19.75,


19.00,19.50,18.50,19.50,19.25,20.25,19.50,20.00,18.25,19.25,19.25,19.50,19.25,19.25,20.25,20.50,19.25,19.50,19.50,19.50,19.50,19
.75,19.50,20.25,19.75,19.25,19.75,20.00,19.50,19.25,19.75,20.50,19.25,19.75,19.75,19.50,19.50,19.25,19.75,19.75,19.75,19.50,19.50,20.00,19.25,19.50,19.75,19.75,19.75,20.00,19.50,19.50,19.25,19.50,19.75,20.25,19.75,19.25,19.50,19.50,19.25,19.75,19.75,19.50,


19.50,19.50,19.00,19.25,19.50,19.75,20.00,20.25,19.00,18.75,19.25,19.50,19.25,19.50,20.25,19.75,19.25,19.75,19.25,19.50,19.25,20
.25,19.50,20.50,19.75,19.75,20.00,19.25,19.50,19.75,19.75,20.25,19.25,20.25,20.00,19.25,19.25,19.25,20.50,19.75,20.50,19.00,19.00,19.75,19.50,19.75,19.25,20.50,20.50,19.50,19.75,20.00,19.00,19.50,19.75,19.50,19.00,20.25,19.25,19.50,19.25,19.25,19.75,20.00,


19.00,19.00,18.75,19.75,19.00,19.75,19.50,20.00,18.75,19.00,19.25,19.50,19.00,19.50,20.50,20.00,19.25,19.25,19.75,19.75,19.50,19
.75,20.00,20.00,19.50,19.50,19.50,19.50,19.25,19.25,19.50,20.75,19.00,19.75,19.25,19.25,19.00,19.25,19.75,19.25,19.50,19.00,19.75,19.50,19.75,19.50,19.50,19.75,19.75,19.75,19.50,19.25,19.75,20.25,19.50,20.00,19.50,19.75,19.25,19.00,19.50,19.50,19.25,20.25,


18.75,19.50,19.00,19.25,19.75,20.00,19.75,20.50,19.25,18.50,19.2
5,19.25,19.00,19.75,20.25,20.50,19.25,19.50,19.50,19.25,19.50,20.00,19.75,20.50,19.50,19.75,19.50,19.25,19.50,19.25,19.25,20.50,19.50,20.00,19.50,19.50,19.00,19.25,20.00,19.25,20.00,19.25,19.50,19.75,19.75,19.75,20.00,20.25,19.25,19.00,19.75,19.50,19.25,19.50,19.50,19.75,19.50,20.00,19.25,19.25,19.75,19.25,19.50,20.25,


20.00,19.75,19.00,19.75,19.75,20.25,19.75,20.50,19.25,19.00,19.25,19.75,19.50,19.50,20.50,20.75,19.25,19.50,20.00,19.75,19.50,20.00,19.75,20.75,19.75,19.25,20.00,19.50,19.50,19.50,19.50,20.50,
19.50,19.50,19.25,19.25,19.50,19.25,20.25,19.75,20.00,19.50,19.75,20.00,19.50,19.25,20.25,20.25,19.50,19.75,20.00,19.50,19.50,19.50,20.00,20.00,19.25,19.75,19.50,19.50,19.50,19.75,19.75,20.00,


19.25,19.75,18.75,19.75,19.50,19.75,19.75,19.75,18.75,19.50,19.5
0,19.50,19.50,19.75,20.25,20.50,19.00,19.75,19.50,20.00,19.50,20.00,20.00,20.25,20.00,19.75,19.75,19.75,19.50,19.75,20.00,20.00,19.50,20.00,19.75,19.50,19.50,19.25,20.25,20.00,19.50,19.50,19.50,19.75,19.50,19.75,19.50,20.25,19.50,19.25,19.25,20.25,19.25,19.25,20.00,20.25,19.75,20.00,19.75,19.50,19.25,19.75,19.50,20.50,


19.25,19.25,19.25,19.75,19.75,19.75,20.00,20.00,19.00,18.75,19.7
5,19.50,19.50,19.25,20.25,20.25,19.25,19.75,19.50,19.75,19.50,20.00,19.50,20.50,20.25,19.50,19.50,20.00,19.25,19.50,19.75,21.00,19.25,19.75,19.50,19.25,19.25,18.75,20.00,20.00,20.00,19.50,19.25,20.00,19.50,19.50,19.75,20.25,19.75,19.50,20.00,19.50,19.75,19.75,19.50,19.50,19.25,19.75,19.50,19.00,19.50,19.50,20.00,20.25,

